track_id,Birds of Prey,Clutter,Cormorants,Ducks,Geese,Gulls,Pigeons,Songbirds,Waders
6868504,0.003957897236579928,0.13455754291507874,0.033942616436447706,0.23273932105792794,0.24438085372001253,0.22539807652466418,0.015374327107735446,0.0614310549460771,0.048218310055476415
6868536,0.006521609914576098,0.037325238322287894,0.041821631252000474,0.23612109742281884,0.19179239078923227,0.2648133318371153,0.03174126834118214,0.12437705060724615,0.0654863815135408
6868565,0.002374535837782859,0.01818292544086241,0.010096839320875026,0.18019485944311076,0.5666303619814914,0.14051869298632605,0.009239111123017799,0.03940462512544199,0.033358048741091766
6868861,0.0008350962567913939,0.0024930783804673114,0.06200416470459198,0.007908004702094374,0.8718028592877174,0.029556785473267306,0.0021266045359524316,0.011451501178743755,0.011821905480374071
6869275,0.0009999838643596794,0.0014054817685556784,0.08633320941852309,0.008906895420531857,0.8343649374520014,0.038860975707464745,0.0021755062551312887,0.014024769820521412,0.012928240292910852
6871418,0.011236154741627931,0.004104768321887779,0.09683407870322558,0.17441658424448958,0.03164852406296387,0.4039039884985838,0.06651969776959564,0.11045175538715946,0.10088444827046632
6872996,0.06516616119553299,0.2729870992042561,0.0026528609660783505,0.0038996575878559887,0.03408233411499098,0.4396053418334569,0.00823694666540097,0.16315226685949008,0.010217331572937569
6873817,0.0047430404803733,0.010124436966490005,0.009250362478621798,0.011928013363633923,0.19436120610211752,0.6541038283886758,0.008351005001238433,0.0759005766506815,0.031237530568167596
6874023,0.003349269025982423,0.0009324462957457031,0.004740390616826861,0.0020248482097305225,0.0015887492055074355,0.9276553746525201,0.005503910724129767,0.0290519446559863,0.025153066613570856
6875504,0.01201781807124525,0.0012593261069830317,0.004947603667070828,0.002894519877698673,0.0025202072963720254,0.7298794213141203,0.005346016703775166,0.2305871905997913,0.010547896362943562
6875899,0.03920072307204356,0.0006181913058621597,0.0015956208207898981,0.0009629730220409742,0.0009330699045379038,0.9019727023561173,0.0011800538669008332,0.051153608168352654,0.002383057483354826
6877293,0.0036467386404004237,0.003613386569511935,0.0019485565807782729,0.006585303270476892,0.0011781439277121577,0.07271515334043718,0.006828504007757494,0.8923585855335165,0.011125628129409192
6880408,0.015112934960132166,0.0026565718657220938,0.01471880466743377,0.006866182692297695,0.004059142442693421,0.7734746218464089,0.007411504588460946,0.15350086740852958,0.02219936952832142
6880690,0.008308514280346417,0.0015743169404301626,0.004118837763775771,0.0037991295596545784,0.004398964846772737,0.7445577147487712,0.005784775864291069,0.20997217548415198,0.017485570511806086
6880833,0.08839520581232968,0.0017480965767944436,0.0014310605033755253,0.0012708212111418914,0.0013193432508627118,0.07811183407953687,0.0038238631151487163,0.817306983250248,0.0065927922005622145
6880956,0.003577909395813114,0.0007155921502841833,0.0038533826445411503,0.0018381170361587726,0.0020126722000699073,0.9629846974465288,0.0024003213254828897,0.014147197524672963,0.008470110276448128
6881733,0.8850262042978303,0.0014011406875960042,0.00046053267445845733,0.0005265637000587377,0.0004847887937990632,0.0869627853264019,0.000681253035304017,0.022254532004815718,0.002202199479735568
6885154,0.04028524898192781,0.016251091275625233,0.0037348738462328578,0.008711840511680799,0.006035078401352024,0.5778408223635177,0.011797745058284199,0.3157846015053334,0.01955869805604588
6887294,0.009621816168276731,0.0017568015624815643,0.002618592590551185,0.0015185866112772514,0.0015890852831515027,0.8513028389647592,0.0031832858951184656,0.10969597750931255,0.018713015415071615
6887586,0.0049750179964794285,0.005224997852275056,0.0017617009535647113,0.005048464891069797,0.0017114593057698307,0.3152762934246472,0.004729968685984774,0.6475493494687483,0.013722747421460917
6887600,0.004906478864395224,0.002044649069562879,0.0014882305525060714,0.0030878446961019,0.0014249040384626487,0.19376114928022142,0.006762550524353456,0.7743264097479934,0.012197783226402956
6887637,0.01898561737511305,0.0031156020419279016,0.016916396418178162,0.02073978150254177,0.018715302248485298,0.713502700272181,0.014845468424076327,0.1725127424624404,0.020666389255056157
6887702,0.0727543192866612,0.017276639060418805,0.0021256757405876256,0.007381389540877445,0.002372273259292389,0.15091258934231774,0.013644776122552216,0.7155217605637608,0.018010577083531702
6888243,0.0072119747080152865,0.0028923653530165405,0.022390009733751118,0.004639743475009405,0.018165335201406185,0.3968556150325493,0.010936519533613596,0.514287415234771,0.022621021727867646
6888737,0.015906446491760703,0.0030825388203625146,0.016322780571486867,0.01673395786070049,0.014758027978956083,0.4049521729820178,0.022187394554988072,0.4779000065306146,0.028156674209112876
6889024,0.36679100393886555,0.009865438227428597,0.002535902859275276,0.0046399614339336735,0.0023916246212906207,0.16057300721941467,0.0261583010118981,0.40028884426658273,0.026755916421310692
6890285,0.2768117119520972,0.006910376862473443,0.028658056588031004,0.0035820721526326708,0.002049613474885528,0.5555396287127894,0.009906628992913773,0.10613993253378962,0.01040197873038744
6890416,0.03209340524064587,0.003495909440089077,0.008577707080867589,0.002991320133370119,0.0024162049341664555,0.11900332709800611,0.0465478639856997,0.7668633536660039,0.018010908421151346
6890579,0.0885740326307969,0.0015358321491084617,0.0012764680819402322,0.0015440230611664957,0.001045047629338987,0.044030327353736035,0.00841296125667058,0.845680764586968,0.007900543250274299
6890917,0.5694658606018932,0.0032519041339327663,0.0025703668647415316,0.001823436546438005,0.0012272519237539604,0.14926693695359028,0.009976068913728528,0.2552023011661314,0.007215872895790319
6891091,0.006277629154317352,0.007007890489311426,0.0025896092094806243,0.06347639733164155,0.01129413505464347,0.2420611573246677,0.019344394885363814,0.6224000446199771,0.02554874193059693
6891208,0.03873512587495591,0.0020210625781211973,0.002944776090731977,0.0018890880824705713,0.0017354908965391568,0.1196818651749362,0.006226722855362392,0.8179709411625987,0.008794927284283865
6891245,0.14006147816993936,0.0019360254977936464,0.0022515909387907677,0.0015713917355113485,0.0017602313463101404,0.33549745411878085,0.0051514696711984845,0.5057883536639818,0.005982004857693614
6891309,0.04940602416194488,0.0015695654277560576,0.003329437882162461,0.001981873022208753,0.002162305167780379,0.20068033950212522,0.009626218462889538,0.7221209454418948,0.009123290931238037
6891366,0.12442980430517234,0.003970434598078587,0.0007923526153793997,0.000980150253741626,0.0008033959361551844,0.03369075519091291,0.0032575306677508162,0.8292724723354146,0.002803104097394495
6891473,0.01871485955854128,0.0045130647373141505,0.0031244020374636217,0.004425763157233401,0.0024376590392222843,0.488343845927968,0.01286598446695866,0.44659311984446415,0.01898130123083446
6891484,0.016505731654715975,0.0010796305067726365,0.0010816550839200273,0.0011612280832432376,0.0008582805307070485,0.04076862345387723,0.00363553430078433,0.923538610465184,0.011370705920795539
6891531,0.302845486387378,0.0037325822385965196,0.004841621925957244,0.005318674789987054,0.002410817513258578,0.2339538723208395,0.015126582318030678,0.4187454593702606,0.013024903135691903
6891557,0.012686435977892057,0.004243792899096999,0.005301984561386627,0.005051243161264506,0.003143590711462409,0.102617656782123,0.03796161193544126,0.7803757694701928,0.04861791450114041
6891579,0.07760532006338249,0.0018728423387553038,0.002691845044106603,0.0022617576235443833,0.003231211937624598,0.244675070590824,0.016678617108415544,0.6424416391025223,0.008541696190824823
6891867,0.6768651808392727,0.010204112751616805,0.001714617227008416,0.003820577337199384,0.0012913734299971353,0.0850217410386236,0.011731410830991409,0.19852069198673225,0.010830294558558384
6891888,0.06626889301506791,0.013803036000311322,0.0013332688268545185,0.011466058729097076,0.001370431866281803,0.0763116514790793,0.011481523022321428,0.8005057950995587,0.017459341961427892
6892297,0.6563718401512622,0.0037116902875115663,0.0005751000440252596,0.000960020180224054,0.0005307850951084139,0.03251729728950663,0.0016122643201087025,0.3009969915464583,0.002724011085794949
6892562,0.5748050981794464,0.0022334122319871727,0.0021150510405543955,0.0018833823929552262,0.0016098914062847053,0.1440434315576297,0.006369286601558492,0.2587720837782201,0.008168362811363876
6892587,0.2456603356353787,0.004404669345191181,0.0027759389709228395,0.0051216051307285335,0.0025893610943762808,0.30557964602612236,0.018816504119198652,0.3873293785357578,0.027722561142323698
6894293,0.004633514068505128,0.0025192287318320673,0.2953000903239463,0.10057679739012637,0.013304858282302968,0.33410139488963697,0.005901027669407857,0.1990483862539292,0.044614702390313184
6895609,0.011682656574110294,0.001580468849179369,0.006592870485680423,0.0189558525373495,0.0023396184050278254,0.18996298784141324,0.016981093508245212,0.7015298852421019,0.05037456655689209
6895723,0.01931815911485377,0.0009602104942768026,0.0005561743305417073,0.0006233969723672982,0.0005959155004669685,0.9562071097326066,0.0015694481782522038,0.017599282414050135,0.0025703032625845976
6895905,0.059694313689916026,0.0009850131823237933,0.0012875903055502124,0.0010798480817152925,0.001234606087118004,0.8926395660303044,0.0026875029366394206,0.03670760333914384,0.003683956347289151
6895906,0.015472102399858157,0.0008133116906670132,0.00083919667923168,0.000660544060931381,0.0006833035234051012,0.9574880757097481,0.0023791196424638897,0.01817427531973977,0.0034900709739547307
6895927,0.013720510800046529,0.0008055027504224907,0.001231192038364914,0.0007560144953448697,0.0006748508125134949,0.9677926217698504,0.001001536096411263,0.011135964424764824,0.0028818068122811857
6895938,0.2106369215254142,0.0011740959005726622,0.001323816129843836,0.0011213458669049007,0.0014740478865918486,0.7378451431244839,0.00257892983987616,0.03785140835570338,0.005994291370609054
6895939,0.026090453163865743,0.00041570165686100643,0.0005935606925988521,0.0004515874809835177,0.00047224427402492246,0.9579720888611885,0.0009641683288943273,0.011493529373193121,0.0015466661683899998
6895948,0.019841275505000113,0.00044004495975537826,0.0005833348725574107,0.0004744650126608256,0.0005186273854591604,0.9607535456218743,0.001193289529716799,0.013544195930675795,0.0026512211823003324
6895973,0.020013848530529475,0.0005526665850261112,0.0006750595157497141,0.0005391632046892279,0.0005709181292239177,0.9514109414979481,0.001193198235879418,0.021862718262649787,0.003181486038304142
6895974,0.057406766628911164,0.0011498605486165519,0.0014802740863288648,0.0011375211858874379,0.0011568711836301613,0.8303943980842667,0.0028211960221392984,0.09996820668648232,0.004484905573737421
6896754,0.0582058345422834,0.0023105651019157173,0.002880081378296183,0.002392021034712824,0.002910935577030558,0.3703302946532274,0.008244202220517107,0.5433305163914419,0.009395549100574859
6897915,0.021642230247024736,0.0031262652228632136,0.020552188807062444,0.08902325964813174,0.022634852654996967,0.4489375361980578,0.03781933695706903,0.18416416612951364,0.17210016413528045
6897964,0.010672500597257842,0.04409743206023961,0.022575742638726644,0.010539762141795719,0.04043093868419989,0.564704018552977,0.04404968850570935,0.19262035621689483,0.07030956060219906
6899282,0.4207483723681888,0.0012755320888853613,0.0009219434713153044,0.0008754239784889866,0.0007607983891125638,0.050939895190514374,0.001872693163907962,0.5188345121063714,0.003770829243215231
6899294,0.6121924171168663,0.003950835467198577,0.0013325981266906733,0.0022396326286306233,0.0009952776295753555,0.04742730276379477,0.006207051790760927,0.3124603565224197,0.01319452795406308
6899376,0.06251895009676614,0.0023727313494079473,0.002863935719315142,0.002346584698452455,0.0016869867565392205,0.0991973167314802,0.016131890544036874,0.8006898368412494,0.01219176726275273
6899506,0.48627092500182767,0.0028004660759335664,0.0018378580023812208,0.0016161828541807032,0.0014903019727593482,0.33419594175046974,0.005879306410424968,0.15931069661325162,0.006598321318771096
6899530,0.014289624228913257,0.04251995829069452,0.0022747678966785643,0.06576310908144499,0.0025670500562680718,0.33105595121500647,0.00881393383953635,0.49776152262065826,0.03495408277079953
6899560,0.21192248211714898,0.018322221324688887,0.002175682630805794,0.0038110146566669844,0.002289796003269895,0.3040765374777569,0.007315460471929394,0.4299994146809793,0.020087390636753855
6899670,0.008323931053495498,0.0033532443604613912,0.0005521930254222555,0.0006201706267749305,0.0007358138300583548,0.07244512544918356,0.0013340077971069663,0.9036339913058998,0.009001522551597202
6899695,0.0029009713004408003,0.0021591077821311666,0.001856001601429965,0.002329198286762757,0.001952063444336152,0.1769173851784257,0.002990986911459225,0.8013879793796674,0.0075063061153467624
6899730,0.07767516939090105,0.004106028476790701,0.0022895433412862603,0.002220257416325439,0.0022835552585124914,0.3942632137888815,0.0047405407396725,0.49521727050730246,0.017204421080327624
6899754,0.005000293525851253,0.017591345828805234,0.004376437939604986,0.04496485566949095,0.004715267792582406,0.3535022477903877,0.01915722047013222,0.4409417273764249,0.10975060360672043
6901206,0.08556717958958504,0.002609193638529119,0.005380972214642258,0.003584343996240174,0.0032719772280183678,0.48356562038518813,0.018176667524987422,0.37816695305166037,0.019677092371149087
6902131,0.07333311216801314,0.0005141467699453651,0.0009758736447581668,0.0005852079713843095,0.0009348441235349945,0.9059786411617381,0.0010447532863126082,0.009445594692306693,0.007187826182006708
6902271,0.005067530064091913,0.0028965745952379447,0.006816907104834062,0.00999751688475338,0.004823366237206947,0.6994481963333279,0.008434611416157502,0.23382476177285286,0.028690535591537628
6904326,0.028634746896717415,0.012814710136522215,0.0006942535917482511,0.001776987833439887,0.0006252501088290221,0.029037505970328486,0.0023252589785730145,0.9195373545718343,0.0045539319120074424
6908023,0.012125348837475802,0.0031925247758059685,0.013556602625641118,0.2131309815274886,0.00898030259502575,0.5719682239212015,0.012425888385440531,0.07010576258798795,0.09451436474393277
6908625,0.5924514216209402,0.0012587457486265394,0.0020388763219328127,0.0017437978261824719,0.001486451883696293,0.1976284980085014,0.00587478184369861,0.1933513548860117,0.004166071860409971
6909657,0.024718943733801096,0.001430495769048631,0.0010627572022930422,0.0010247507600454093,0.0008981146186492323,0.03404381031431739,0.004645050759199858,0.927695482837817,0.004480594004828234
6909786,0.02416992217023213,0.011774340774948204,0.0016497329642263673,0.00445474688281371,0.0020404301896265126,0.08353467641589243,0.007132861667952363,0.8458476527093006,0.01939563622500772
6909952,0.17552644392755645,0.001767952866865258,0.0011643841914811732,0.0010542485855879712,0.0009944588291177807,0.03829958143324646,0.0074859693289263665,0.7633539343593563,0.010353026477862261
6910003,0.043725846487544025,0.0013577652542530211,0.0006668862884957929,0.0007289736267938137,0.0006248449016211513,0.01656845718434178,0.0034775572567196673,0.9279998791842078,0.004849789816023031
6910407,0.0016048512202506944,0.00028967782658921863,0.0031662864881298004,0.0003242325570782938,0.0005377135276972355,0.9834518381119997,0.0011684274630103146,0.0050308085274440644,0.004426164277800669
6910422,0.20706676513804273,0.011385243910202458,0.0019524463534164697,0.005147145702438065,0.0020538658131388885,0.11106786782155909,0.03832605929761282,0.6068452932346362,0.016155312728953215
6910425,0.042381225312038605,0.010951110597986195,0.000585303123284493,0.0022872141992152538,0.0005928740795969749,0.023654848933948237,0.001981245521002163,0.9120055523900311,0.005560625842896931
6910560,0.009730225558073442,0.010909154786718212,0.0033756276508532224,0.10832034738741694,0.00392715009290391,0.21577967187420535,0.017449296832696623,0.5209452583721623,0.10956326744496994
6910590,0.11096719550212988,0.015470190942326108,0.0012408289634346027,0.002288589068384962,0.0011676946539397987,0.09534674298531594,0.0032831286295063166,0.7632680044949136,0.0069676247600488316
6912744,0.001424253330944194,0.00046622169901226404,0.006587999243619244,0.000535929478318225,0.001751610710982643,0.9753866455640163,0.0016291764956076354,0.005857807421214658,0.006360356056284759
6919118,0.10197161419095371,0.0023668697039240494,0.0031251825884792525,0.0021508138230934308,0.002604657401372533,0.6323234161029299,0.008277766673715624,0.24051975505663667,0.006659924458894818
6920152,0.04224482963506832,0.0023861462548870104,0.007356436507120709,0.0024083791646711448,0.002393483097099014,0.7588042028460925,0.010449060300925045,0.16306758613150113,0.010889876062635147
6925791,0.00999689134727544,0.001484257593254339,0.007588385942543934,0.0019470599417626814,0.0023673681146516535,0.9296478270992761,0.0058716940374206805,0.02681433542870936,0.014282180495105943
6926246,0.03309607183986415,0.003134823564428373,0.0017038938398956783,0.0014606432876123616,0.0015674007427868989,0.9263428898815027,0.0024441314264916874,0.025208381400079038,0.00504176401733893
6928841,0.006375595931576706,0.008827024939725791,0.006534992954660156,0.07552204970112934,0.014929716906761283,0.264202619526366,0.0210364863618262,0.0638762108543632,0.5386953028235913
6928933,0.010713862307601407,0.0002814454916626778,0.0008126055357679001,0.0003316529718939819,0.00041401414367113487,0.9812506878712748,0.00115753260701055,0.004132416935466926,0.0009057821356505724
6937241,0.0037308374758802214,0.009735397830014335,0.001217447248144367,0.007835085822644644,0.0013926639297571583,0.06381438560038744,0.012543373901406581,0.8681410161868763,0.03158979200488891
6938426,0.0016892666011102903,0.00017037670275541657,0.00031394076891513563,0.00019580111085125776,0.0002310042325382542,0.9923526260582751,0.00045501676167394465,0.003994862827767333,0.0005971049361133757
6938530,0.007469805658356433,0.00037334571854487087,0.0010764244631275594,0.0004622065432157858,0.0004982507815234413,0.9795029379228648,0.0007662356991237431,0.007548150564177365,0.002302642649065962
6938682,0.545277926543753,0.0024008170116069766,0.0026548602082379115,0.0024642104006199444,0.0020679967065419,0.1736373677827806,0.006741759054544234,0.25861286363302305,0.006142198658892385
6939166,0.0026436766880146723,0.00018718678447121812,0.00042580517314757974,0.00021705685442385185,0.00027116753241208745,0.9931342188562705,0.0004556251968258504,0.0018986450440747688,0.0007666178703595054
6939222,0.8597290460000451,0.0008014640770916197,0.0007797181481591135,0.0006779093340377931,0.0007001712272462574,0.10255462556290773,0.0020964667646870432,0.029976312046161312,0.0026842868396640684
6944591,0.25315967944285744,0.013138057296441021,0.004146204261846937,0.0011019786213149294,0.00104556103610237,0.6806434593392762,0.0050444235432949725,0.03863681760992099,0.0030838188489451636
6947293,0.004182212642289506,0.0005306784336877685,0.005729047327228086,0.0005840337026038514,0.0009032497479751569,0.9671194461305821,0.005882795434222423,0.011604743234923188,0.0034637933464881903
6952804,0.003929021359715526,0.0008819891471712453,0.000813151636519795,0.0008976908552126379,0.002473560400140379,0.927826669331706,0.009397399175823044,0.04519273139401512,0.008587786699696315
6975207,0.00271884176730928,0.000354659675150812,0.0006895742196683904,0.00031931791676722995,0.0004399216341989549,0.978131653470743,0.0017823490340022415,0.011597587977382876,0.0039660943047772935
6975472,0.006505503333979534,0.00031583450763740815,0.0005249291135802014,0.00028759446732800503,0.0003824026934340294,0.9835993096428146,0.0010257201951693296,0.004882853171589508,0.0024758528744673893
6975490,0.00294734218851483,0.00027169781299299194,0.000493402957638809,0.00024061073085171738,0.00031283564214955583,0.9868878876087468,0.0009892663643726288,0.0050486111270859856,0.0028083455676466123
6976427,0.001969797475225796,0.00030535611443842175,0.00027939477514147605,0.00023925030990319608,0.0005115477795507096,0.9836005375512944,0.00048444479085926013,0.009632906614587964,0.002976764588998845
10551287,0.01377249600909899,0.0004967514250291435,0.0012062997818672997,0.0025352550551574547,0.0007406121291789755,0.9591605096991664,0.0018624935828348952,0.017121603592223887,0.0031039787254431017
10554874,0.048457710471858796,0.3886285488123068,0.012118711283707949,0.0036583481380559344,0.03165825149204675,0.2489695948448313,0.019445234777237842,0.22935481173588967,0.01770878844406494
10555071,0.05182924694953294,0.00321790951801053,0.004090532686393746,0.0038680533186602607,0.0029891026288668267,0.680151368101301,0.025605330827384934,0.21329289535253654,0.014955560617313342
10555459,0.008558775810497233,0.0012658914429660778,0.008440680073367762,0.003544974711697297,0.0023620419190667308,0.8175961630034012,0.0049130181579017706,0.05628005342946933,0.09703840145163263
10555968,0.004105659340980871,0.017166281904173023,0.008041614339806432,0.20048571521226316,0.2473829892759049,0.22896545863672424,0.010190634066425296,0.25949667130199594,0.024164975921726173
10556692,0.03338136944348138,0.010295763117998843,0.0037640667076039875,0.009917974772005839,0.002734145242635643,0.11735138175548152,0.014364392777436496,0.7885605528099568,0.01963035337339951
10557065,0.0039065850428125284,0.0006678827444129254,0.0033574095567881733,0.0018433790276964268,0.0017441943866300929,0.9536916549775044,0.00119059626262951,0.02437273931916375,0.009225558682362285
10557235,0.01431249748187046,0.0029978863787902357,0.15107250009666046,0.11158229696668512,0.020850725357118453,0.5646007386490803,0.018622895452561752,0.06641559289464806,0.049544866722585165
10557310,0.0027188058537661918,0.0014974730692176928,0.0033317047520967894,0.010469710353926295,0.031419476001388794,0.2999509225156871,0.0034674801718276374,0.6372582507471432,0.00988617653494641
10557603,0.08294713710183005,0.0026836727134321287,0.007497563355215403,0.004543362577157883,0.0031468073763918454,0.5787520065132001,0.009295463566970334,0.29343197648771513,0.01770201030808715
10557649,0.004894467908673578,0.001192033394607199,0.004055157253011554,0.0030155345637035915,0.0027602843036477346,0.9087569504983957,0.007110053429861731,0.03576324634662294,0.03245227230147597
10559369,0.021571081579111827,0.003682106069119507,0.002236191397409343,0.002784703866920592,0.007763136648465073,0.8776621088847048,0.005990432890080923,0.07357956252844992,0.004730676135738027
10559516,0.061974274039044625,0.0035408788757356176,0.005894187045313124,0.011604380436037499,0.007585345625890697,0.7537443795536646,0.006542337791297777,0.13267586268839526,0.016438353944620798
10559765,0.007114490520247738,0.0006782244324188359,0.00344944477855236,0.0015123706547597736,0.0020264720647546514,0.957958051227896,0.0017616154523566819,0.01779116235980683,0.007708168509207015
10559904,0.09182911339557444,0.004979475803758552,0.010908245288836837,0.006041688374780654,0.005048929654188293,0.6150570595722988,0.019723528828918813,0.2317245252195852,0.014687433862058348
10561136,0.00806503748049886,0.005258818411853261,0.0028407607159095134,0.0024886905497245562,0.007740027879097065,0.8328060033373619,0.005702052857182161,0.12747373050627334,0.007624878262099362
10561583,0.049047645667764234,0.0030941173176566345,0.003019775824867693,0.004958813140132091,0.0017186636111849605,0.8446304225983785,0.0041395381152235945,0.08352390706624198,0.005867116658550419
10561870,0.043266153235548395,0.0006472742258765902,0.0043343644828829275,0.002055283209966904,0.0008239739747209936,0.9205004613484522,0.0012945511660879736,0.0251208884394533,0.001957049917010832
10562711,0.02017194260885153,0.004902852430200433,0.02208956337169139,0.06671126905260988,0.02875190484593431,0.378728784816045,0.023998681747139143,0.42970110995992905,0.024943891167599163
10566953,0.026753680883544968,0.0004037278611632246,0.0008503111813780473,0.0006297696158949673,0.0005953116150492343,0.9541444902942413,0.0010951856922638446,0.013150737123708005,0.002376785732756556
10567563,0.012803026148993956,0.008185854396180655,0.0040626189194402735,0.004503788693971387,0.016683254532409916,0.44637341983870243,0.005119335639471269,0.49527904817544943,0.006989653655380673
10568512,0.47130210038147446,0.0032113683031264524,0.0025176814805721636,0.003347662314493875,0.001973702060383333,0.2687225118705617,0.011546662010013916,0.22509068045107195,0.012287631128302258
10569249,0.0192637252429318,0.0005778131966467613,0.0012915974613583593,0.0013729457669456014,0.0007412574941914327,0.9340902375652582,0.0015814757331798711,0.039498234074952426,0.00158271346453563
10569900,0.0033985881255820787,0.0015833219404828964,0.16369982105412095,0.007027026292891315,0.46159528981510006,0.2888517565060648,0.006037386331306615,0.04595834795189344,0.021848461982557806
10569996,0.39904902059409897,0.002888890645587789,0.004120109961149686,0.004078053049957159,0.002501783975984717,0.42091100680522,0.013638252393331426,0.1405533656275399,0.012259516947130239
10570047,0.023408201465755257,0.0007649249726195065,0.0019042926388662695,0.004440432324842163,0.0011876605517261922,0.9420829386390923,0.001413885249350884,0.017124370169983017,0.007673293987764319
10570186,0.04224949259201508,0.0014382193527181873,0.0017606196484949,0.0020003282384096857,0.002184859708326949,0.8792781458193717,0.006124711892040947,0.057542744671008415,0.007420878077614196
10570190,0.1840462413015536,0.0008346444238640587,0.0019712575594058035,0.0013213538241842228,0.0013713959505398552,0.7717174195004519,0.002512565987971235,0.032337532200296115,0.0038875892517331034
10570281,0.3061325072627916,0.0013222053031634305,0.0028330169588849947,0.0021654815290964285,0.0015693333350081206,0.5942743805095481,0.00660332680372001,0.07647214693459804,0.008627601363189364
10570444,0.04641271434251619,0.14706561846342975,0.003374762255395802,0.03083100491946828,0.008531342872020507,0.4884288549767214,0.024050382054500608,0.22684815267664296,0.024457167439304612
10570516,0.04297851445628114,0.0056933071177733465,0.0033144625941039603,0.0032400135256193496,0.0029630356279726376,0.7099266820114901,0.009338387808835735,0.20945692829986612,0.013088668558057553
10570563,0.4604758269996434,0.004530804721114746,0.0018513360540904525,0.003350920191307705,0.001619951535267493,0.3807302062342973,0.005476684956214365,0.13047418782580164,0.011490081482262866
10570908,0.1455609147989829,0.002675101321571733,0.001995098804329641,0.002054579612761077,0.0018405474513487011,0.774697753354048,0.003230268160734653,0.060843142417257065,0.0071025940789663
10570962,0.007956939674380473,0.0021312879986984754,0.002911211937365948,0.005064296487040578,0.00250894584942126,0.7394658123968136,0.008549567060319705,0.07553678777432021,0.1558751508216398
10571126,0.04549761964047259,0.007666385939773725,0.002269625512924419,0.004037449454932794,0.0019458745210128483,0.2433981522820454,0.011614869223823229,0.6754437059994597,0.008126317425555305
10571129,0.013925928486325997,0.09870522999971805,0.003455056155587467,0.08884275645472917,0.008400260789146064,0.4917092446162379,0.015768795878804254,0.263291269900365,0.015901457719086153
10571130,0.0061633283716135846,0.010263034219544902,0.0034321388483411685,0.03316897359957959,0.004695233626929286,0.526593490673332,0.010288078180836229,0.38647061915125525,0.018925103328567866
10571150,0.02844824269886703,0.011595835082691108,0.00680746711187803,0.004640492626255594,0.005442160189413413,0.595065979270288,0.010124816453251875,0.32273441739219977,0.01514058917515514
10571157,0.4367153924938717,0.011464780154323395,0.0027917193393077007,0.003353182382169316,0.0022556492887460242,0.27445079259682786,0.01838998488014442,0.24044948941884864,0.010129009445760907
10571249,0.18554772940913367,0.0011599636685194125,0.0013069620384835614,0.0013687064587218406,0.0011879809537879546,0.6988787392728157,0.0017757300511296798,0.10311095317943256,0.0056632349679756645
10571563,0.010143007880890443,0.0017294019133618176,0.04735540993529762,0.0036176474048662728,0.030267320767558076,0.6845520797463787,0.006008533029171105,0.20674787006232243,0.009578729260153584
10571600,0.00954971197790257,0.0009756568206425992,0.0014510256513634468,0.0015541793616353353,0.0013368296700886529,0.9182899790840164,0.0024583568635298397,0.05846820398829659,0.005916056582524543
10573894,0.011714177166276256,0.002547350413163029,0.001883938781311365,0.0075891763807571745,0.0024847131712033206,0.9207039072431153,0.0030192216018261847,0.04230045102475726,0.007757064217590072
10574347,0.044064026410139435,0.013062224598185467,0.004386816151291504,0.005561024858671998,0.002847535703140218,0.58586619815512,0.01659275920001952,0.3169078911901002,0.010711523733331571
10574370,0.11446982464100613,0.007707653186707403,0.0025989585529849722,0.005809375156265965,0.0025852738988979534,0.5518505233103633,0.007431458090692502,0.2961575097541842,0.011389423408897571
10574372,0.30753408915609765,0.003715688802695726,0.0018983893602343223,0.00293244467596743,0.0018064782792223716,0.3414208151736024,0.008553437761797815,0.32691583169328964,0.005222825097092708
10574408,0.005464791147486627,0.0032164770652239813,0.003830844066308661,0.029605653356151902,0.007324414222469815,0.8431282896202061,0.00450953025621071,0.09607150684934754,0.006848493416594487
10574430,0.02873755116112907,0.0014314793311638841,0.0017125651430482873,0.002082415395121162,0.0014240114564074344,0.7445139860986678,0.0030277463375295724,0.21178595635683425,0.005284288720098453
10574439,0.016989799088452353,0.005259089054905365,0.0020985123463957297,0.007403717899862892,0.001610706499787035,0.8422548333011766,0.003095578771331808,0.11576935482299879,0.005518408215089622
10574456,0.006959250195318695,0.005079226013912146,0.002201559998148598,0.005836387922024806,0.003123403754642524,0.6177590075415419,0.00441043923304125,0.3455963396906824,0.009034385650687614
10576038,0.022481130829500824,0.057694092887471,0.004323837942392172,0.005944518870488214,0.006231235402931804,0.6928765261650669,0.014760189968002383,0.1794085477857556,0.016279920148391157
10576770,0.03235755044070587,0.006712718202729931,0.005522771261518103,0.033157538110524284,0.003931358417071877,0.5384754559489163,0.00778892027890026,0.36203986707474556,0.010013820264887754
10577118,0.008751178433010019,0.0011604795221515879,0.0006117644239969546,0.002261438641951263,0.0010664620009315452,0.9617468169294219,0.000812334532278604,0.020494587474365583,0.0030949380418923353
10577354,0.16676299263857738,0.0015975853799276127,0.0012361664424202468,0.001395629049023792,0.001177676648226076,0.7065563667615867,0.003726045637349344,0.11228676127333465,0.005260776169554119
10577622,0.024001738776878626,0.001145253669568979,0.0026419598590327244,0.005032358469167988,0.002537753013513468,0.8842838810676226,0.0025385100846674565,0.07298939074841565,0.004829154311132422
10577723,0.02127220747822125,0.0025343538024066355,0.002437046781608233,0.0018344294364153546,0.0013646970806053002,0.8426798611411279,0.003593801050478682,0.11951105838084622,0.004772544848290535
10578130,0.02215186073622828,0.11147730650812043,0.006333132438154808,0.008587229338761567,0.009746969691128236,0.5284474169454714,0.018274241292560185,0.2829820345030842,0.0119998085464911
10578295,0.24863127374694555,0.001733549353100502,0.011273293776000861,0.0035372843423699587,0.0019068233354396246,0.5981356172808795,0.004282941808329143,0.12361092325441618,0.006888293102518727
10579132,0.3706053644800228,0.0007639022835644945,0.0019421093010475407,0.0011905728854237237,0.0009264203142670074,0.5781094489068911,0.0016365737660569352,0.042588170921003726,0.0022374371417226433
10579372,0.061875987380757294,0.00047642362321020687,0.005242191695684368,0.0006734234147365124,0.00061013519784535,0.9181333724120643,0.0010395168183742706,0.01058570497261983,0.001363244484707883
10579452,0.012556837764048416,0.0015188848092020598,0.004965246266754207,0.008368703356546518,0.003149755458659757,0.8630883185732336,0.005700555630714862,0.08973825832842586,0.010913439812414725
10579754,0.011614052910256079,0.0014806239458540762,0.002102401651216719,0.0033250242702090797,0.00426286853608013,0.8977020802278217,0.00812993009796313,0.04506021551011649,0.026322802850482604
10580098,0.06079063144878902,0.0021844022568203517,0.0012091758601394617,0.002114731222970613,0.0015487226424927072,0.9149192356759684,0.0016095859630171792,0.00974075118648247,0.005882763743319813
10580150,0.015234415508671238,0.0007288214712727133,0.0016297584201456683,0.0025954493374744374,0.0009167119257598212,0.9442958204484129,0.0017624535018290742,0.02739411582137859,0.005442453565055693
10580642,0.010329253017972516,0.002847893713136061,0.002011165336578564,0.003843420891880741,0.002156860061239949,0.7852845797714981,0.0031575821293530473,0.18628238138357173,0.0040868636947691975
10580740,0.46845592116864093,0.0046566899683252675,0.002283055864165671,0.003742247420888503,0.002025529448089391,0.3857861508756337,0.005238912043737595,0.1196375126068614,0.008173980603657566
10580745,0.41241316715084597,0.0026108122596987847,0.0024860736497762893,0.0025904284280988997,0.0020199424588299027,0.3517158845587536,0.008569133173342083,0.2074348711994005,0.010159687121254061
10580771,0.02886802937132783,0.03965402983210251,0.0037994495844470974,0.01331836115279773,0.003358735623788892,0.7154751437239573,0.007915262946512892,0.165689140145546,0.021921847619519808
10580995,0.04692113809136887,0.0029640442896817004,0.0037905718903396605,0.0024847912141943026,0.002066204195626525,0.6263190029172767,0.003857264046853098,0.30388280305807935,0.0077141802965797444
10581310,0.05757649130849389,0.0007085592515179964,0.010058764002519933,0.001088593418088881,0.0010985632996004758,0.8498797664584273,0.0017258939646356002,0.07596048027989293,0.0019028880168230342
10581368,0.006654457713276691,0.008282217728617886,0.027760339681140538,0.09101328330185586,0.02451227657968364,0.40338471091569394,0.040013654594706405,0.3610186505485949,0.037360408936430146
10582173,0.019566368925322385,0.0036897727783380277,0.0036056539452225846,0.010363617428507322,0.008837314484866615,0.7867178300674715,0.011475231283882968,0.14267092273188334,0.01307328835450515
10582418,0.025300200729122365,0.2782994355169359,0.0039636674449827,0.003633176742972,0.014056216900171625,0.5024843992016693,0.009923749308795415,0.15655488251306918,0.005784271642281425
10583009,0.2505761659638326,0.0010224090699042878,0.006499649950697979,0.0014768517010749207,0.001584654663215449,0.7063601514817437,0.0022932184745830014,0.026102211517799515,0.0040846871771485615
10583434,0.0071543783730242,0.00440795816974412,0.013361523910365812,0.09328424515002551,0.0033049158781451875,0.5397163117399989,0.004167393693379454,0.32455012453618026,0.010053148549136498
10583521,0.6921135087241324,0.0006140070168784772,0.0008383901057295494,0.0014033797527568152,0.0009463407226791082,0.2830273291419137,0.0016344721755059848,0.016103231846436823,0.003319340513967375
10584210,0.09740375842363908,0.0023010341343025105,0.003957120592630377,0.00251722093790327,0.002175658684196859,0.6833129243220443,0.004884005661274805,0.19691630210164185,0.006531975142366987
10584222,0.3197220362855343,0.001588281317352342,0.0014620171149605922,0.0017036227380073368,0.00145177324556627,0.6156702200941199,0.00409117709659557,0.04972105789826052,0.004589814209603099
10584314,0.08288164964988609,0.0032944090978295087,0.002350519669180134,0.002235821609360584,0.0017645584647582257,0.12780951279413566,0.007916366572693987,0.7620278733307493,0.009719288811406575
10584430,0.4520857585823045,0.004061281173940683,0.0037318141151674346,0.003092660525160752,0.0021366544513697935,0.36647022293610365,0.004853851066064071,0.1575843503492123,0.005983406800676849
10584519,0.020034400178164692,0.0011428686137752893,0.004915861802315949,0.0029303167869066905,0.0019386528531447266,0.9124902727625537,0.002222934154139682,0.042438767557236294,0.011885925291762862
10584820,0.0050690603503592505,0.000800370319008109,0.08180426625089096,0.0010842419133030238,0.00556820863804095,0.8732645295489168,0.0017774281676230332,0.02820221967781241,0.0024296751340456345
10585136,0.005573541428886325,0.001155161895253295,0.005845501198708898,0.020571005413708605,0.0017262312779563103,0.9056884482025627,0.0023804767124945545,0.0299464944187596,0.027113139451669536
10586849,0.004547149363216591,0.0004945503380248217,0.0018628574247208723,0.009491180917875763,0.0013131565368937315,0.9686753097036827,0.0010960817208808655,0.011029229244057895,0.001490484750646825
10587734,0.1907874176730477,0.006451348030800643,0.0028334539990259693,0.0042316288759976055,0.003018010783747081,0.7335635486900276,0.00482974186364398,0.047638240672017905,0.0066466094116914304
10587840,0.029153970251944092,0.0007981074074921748,0.001982795697857565,0.006290054139815988,0.0007432173382225923,0.9411414500357494,0.001940331644802157,0.015531614087969948,0.0024184593961460842
10588529,0.8731321951657751,0.0038303065122555534,0.00047857210293254245,0.0006155268506117833,0.00035185858582244533,0.02529182139891148,0.001108664670893743,0.09348841604153602,0.001702638671261331
10588664,0.45595958545744486,0.0035303919176803656,0.0010925637392233127,0.001518807556408595,0.0011086588937291029,0.11307976832641384,0.0033326118018410763,0.4160453830215445,0.004332229285714519
10588792,0.5906013981737359,0.004922247986780669,0.0008283068781342862,0.0009943221174815106,0.0007012435126931996,0.029064556044485164,0.0020373543285570938,0.36823267107863844,0.00261789987949368
10589349,0.14435100208973786,0.0018818097894283351,0.002473905548701032,0.0016502518603895657,0.0014567052414978167,0.11583872008872037,0.005324939337649276,0.7235105530479937,0.003512112995882107
10589410,0.029108123190995615,0.09912419471029013,0.002890362331932293,0.013256112032652864,0.0029700831400168064,0.6262436843561094,0.015213454112379083,0.19095037579719873,0.020243610328425126
10589411,0.035646958960417974,0.00833577933952105,0.0015329050422569915,0.0026413457838311014,0.0020226453739433958,0.49103083046633234,0.006132794371132865,0.4487805471608977,0.0038761935016665763
10589472,0.0757840967961726,0.008743284296400488,0.0012185210172796822,0.0022136255290723878,0.0015628818945130284,0.20248358376990783,0.01091622600796298,0.6922247329393,0.004853047749391027
10589485,0.005965578254082897,0.01116199330648688,0.0012759523275456131,0.004501507882908891,0.0016858499321063742,0.1587454146663289,0.004599726896550191,0.8076248546332917,0.004439122100698488
10589763,0.007379083898541968,0.001324818325529365,0.004633963110972576,0.014939570281467147,0.0026754696569178155,0.9036407191787298,0.0034482394120781664,0.03261462729599009,0.02934350883977324
10590733,0.004170631459519077,0.00564271735612963,0.011934834570000242,0.3460139233119846,0.0046604277055455005,0.4278251767957097,0.006049269423985335,0.1422507716829838,0.051452247694142215
10592587,0.009284033675239297,0.1206699078350446,0.0036525786773065555,0.004060588692137176,0.015107943243683482,0.5966654855891063,0.006772239192720863,0.23225537526587808,0.011531847828883796
10592944,0.00998438994956605,0.0012016412218251277,0.0036861216565011092,0.006081615499817948,0.0047879789102913545,0.8941118320022403,0.008127480404734157,0.06721139971882928,0.004807540636194627
10595034,0.018318281664526447,0.005367990657195281,0.011700502551968604,0.002445178707739091,0.00726004865352172,0.8409850207288967,0.004784982740417885,0.10155292455795428,0.007585069737779884
10596119,0.02305366348976313,0.0005719299450380593,0.0012906570714355712,0.0007756827164125669,0.0011513775808557952,0.9518813331238705,0.0010808485869153175,0.018790550192191557,0.0014039572935176019
