track_id,Birds of Prey,Clutter,Cormorants,Ducks,Geese,Gulls,Pigeons,Songbirds,Waders
6868504,2.2287043595108957e-06,0.0008704618416021375,0.0025307387298947924,0.06266775768175858,0.719187081596151,0.02666947002274378,0.00023435000103357506,0.1844597282853841,0.0033781831370724613
6868536,3.233985897498837e-06,0.0014800585243276844,0.005773234799739806,0.2928845064477003,0.2586372524849466,0.031918494295676614,0.0013592598996043188,0.40319569118488874,0.004748268377218409
6868565,1.805301383957608e-05,0.0006750356759441516,0.006496441301506033,0.023724833802527795,0.8548801292735158,0.01795453505471746,0.000589796033384313,0.09384551374251013,0.0018156621020548058
6868861,2.754329451684183e-05,0.0005081616533103643,0.043009476389856006,0.012953071771417354,0.9081376791664019,0.006854368065787141,0.00025255941484482995,0.02762008381237844,0.0006370564314869972
6869275,9.525229886019112e-06,0.00020529594450298855,0.06620386360173583,0.0036977353620024156,0.9193846492712897,0.001419299410021481,0.00011002734202371562,0.008661481803165906,0.0003081220353717642
6871418,0.00035760592517050454,0.0009747428046584348,0.1559824877654607,0.06087578119104391,0.13808217373209278,0.5203593724074165,0.024635733097032694,0.08353699948357439,0.01519510359355003
6872996,0.00116156839836823,0.021815688493347488,0.0006623758251861319,0.00043578230143612303,0.01966112821932587,0.9395684993983109,0.0008782109524411947,0.0094679213984906,0.0063488250130934705
6873817,0.003156212554064942,0.0075471580112487485,0.09837672079190421,0.005547380815707186,0.35739029230399555,0.30558619091847805,0.004090099015367266,0.2074527000889429,0.010853245500291077
6874023,0.003570841585220102,0.00030933683534233427,0.00792648529681464,0.0007064624630709747,0.0023399619585063184,0.9502286544287931,0.0032416198153115993,0.014602043261818406,0.017074594355122374
6875504,0.018911174194644182,0.00021284283109850255,0.016255805349680935,0.0006629944399083082,0.0005325699451202864,0.6886969377728556,0.014841718167171971,0.23258398176444242,0.0273019755350778
6875899,0.19557757638200066,5.4426542707319646e-05,0.0012480711245602702,2.0723193670016694e-05,8.136794334986988e-05,0.7039974738585473,0.0016195442347228268,0.0829558563404729,0.014444960379968905
6877293,0.00201441871852129,0.0007231446859931375,0.003465669573942124,0.025126331969363168,0.00033913432828506823,0.05973897091506393,0.02111708933817824,0.8656828298748129,0.02179241059584004
6880408,0.07313082409206514,0.0037144623237508837,0.0756198445979888,0.09777294308083012,0.012368330373643363,0.2694424079852343,0.03318333075684501,0.323756660485979,0.1110111963036634
6880690,0.009499579316429696,0.0007382566485414619,0.039071355790773345,0.023970843237275316,0.002073903358820091,0.4095245204227189,0.07314586094441992,0.37694286583041914,0.0650328144506021
6880833,0.1524868161600266,0.00028510518618399066,0.00037824283562678,6.538353051277039e-05,1.58008011805247e-05,0.05880998122598219,0.006661113712399297,0.772426827911911,0.008870728636176915
6880956,0.010278682403032941,3.401418828155698e-05,0.008001642283201509,0.0001389106714024743,0.00046087411786220524,0.9488397365512903,0.00023240411996288405,0.013017052106712718,0.018996683558253444
6881733,0.9064230523722857,5.4227006608524086e-05,8.140853219040625e-05,1.8686368534478114e-06,2.60420414047335e-06,0.08498562531244008,5.371643081427016e-05,0.004578817559791815,0.0038186799448752438
6885154,0.009054731433590623,0.005597649431467091,0.002725229397669451,0.004412209634460636,0.0034748048265760756,0.8318239557441497,0.006935707461011336,0.11566805609125647,0.020307655979818574
6887294,0.008116683596977389,0.00014461289265470378,0.001868608808695907,0.00012609248116935052,0.0006494644815325194,0.8298163696861542,0.001405124605370529,0.14754977078557985,0.010323272661865522
6887586,0.002996990672567524,0.006164407087588373,0.002073838629162514,0.016879214039286706,0.000932710571595808,0.47907751730900744,0.01513337261815269,0.4050991000791853,0.07164284899345355
6887600,0.003975531177686104,0.001310775236304703,0.0021540450825519785,0.009207948589766212,0.00046458584371450386,0.41389344753869006,0.024042800262840953,0.49877113062522865,0.04617973564321687
6887637,0.005666150364245522,0.0023778768560289362,0.07893602075559591,0.021626799830142745,0.04401766991719345,0.5769354366955936,0.014115199935079134,0.22699056448141244,0.029334281164708403
6887702,0.02709154511543651,0.009580689929326557,0.00048703569797320265,0.0010912201572416784,4.7013858729055995e-05,0.39029718721213236,0.013265352034341305,0.5439541440780764,0.014185811916743007
6888243,0.0022957686012425797,0.0005367089461655724,0.12535127860779718,0.020004034940273557,0.004587872383719904,0.17487127909442188,0.016302235320939627,0.6381618235573923,0.017888998548047517
6888737,0.008595934190298587,0.0006068747208266891,0.07347652419564504,0.059858458047181554,0.004285749967713495,0.2978470539637985,0.05048466277142279,0.43103195797513455,0.07381278416797873
6889024,0.2481555675580518,0.010657413080461316,0.0009658419775872356,0.0011431434528182546,4.7768245550303744e-05,0.1270813460494917,0.013946786758857563,0.5491488046512127,0.04885332822596908
6890285,0.24384272504923105,7.676700062224845e-05,0.001413389314148398,1.6983790372999355e-05,3.522006930988241e-05,0.5787318801346634,0.005267359270419694,0.1632770163834253,0.007338658987806975
6890416,0.02394424673006357,9.661136349017191e-05,0.0023953158977702057,0.0005759352518300406,3.067628477874202e-05,0.07367973574001564,0.030835774737201987,0.8558696385843523,0.012572065410497312
6890579,0.07353060911636873,0.00012812357070240616,0.0005599073811975384,9.851385202087483e-05,1.1232721038481841e-05,0.05871228380117934,0.004832595495431467,0.8568456146336827,0.00528111942837844
6890917,0.4366240677687099,0.00046104216637510114,0.0003382252974884566,3.934551666687363e-05,1.708570659943004e-05,0.1209632706663116,0.0068539387053923135,0.4078400616839214,0.02686296248853488
6891091,4.511301252343872e-05,0.0005522818942709608,0.0012962000236572437,0.06738227874787507,0.0012753537743106992,0.7476746989961229,0.014053339257557751,0.04263998194279746,0.1250807523508845
6891208,0.10017776548811765,7.886542810495899e-05,0.00046925487905767035,3.535920743797241e-05,1.0736793268399506e-05,0.3290317394838135,0.011571901850378031,0.5330820935469106,0.025542283322911228
6891245,0.4628130565350804,6.009336950662545e-06,3.04672162555562e-05,2.28390643490019e-07,5.685259516333235e-07,0.24610132009053526,0.0005804559493955388,0.287907242802354,0.002560651152833372
6891309,0.07909502389750199,4.8410751556099044e-05,0.0016550321173443919,3.6044367990068494e-05,1.1042368938870996e-05,0.16049041236398304,0.007214392397894349,0.7432601111425781,0.00818953059221303
6891366,0.18957719451535318,0.001141377144594688,5.969536775273551e-05,1.5596483725346126e-05,8.403356136811261e-07,0.02829510593479378,0.002127837821494967,0.7757665257868946,0.0030158266097769686
6891473,0.0024518576638815144,0.0002070545273824039,0.0007361143917952696,0.0003325882619979046,8.850506386107385e-05,0.814620669002531,0.012540937033670606,0.15323629749934053,0.015785976555539503
6891484,0.027767442897807627,0.0002376267113318091,0.0006386666388837757,0.0005184324771400329,3.928068575751736e-05,0.032674855067734654,0.010238379970028983,0.9087807588639416,0.019104556687373948
6891531,0.11110965308829705,3.0121624182402845e-05,0.0016648967048231529,1.5650205758079365e-05,7.055017385437663e-06,0.3728092501252109,0.006410174876212541,0.501899999435679,0.006053198922451543
6891557,0.0054924316452717,0.00014082126713365183,0.008360283482289801,0.005441915014726714,8.912495596883835e-05,0.023016275165970018,0.04489317813953242,0.9032240376103063,0.009341932718800433
6891579,0.15501516580158634,8.368353954309857e-06,0.00016008806120264881,1.4789552931840972e-06,7.945604398441119e-07,0.18370987411157794,0.003297881135868693,0.6523285621590837,0.005477786860993338
6891867,0.768032947753964,0.0007753338753181713,0.00015635437062009035,8.51449824038467e-06,4.470914766347294e-06,0.14514090865834256,0.0017493528956327425,0.07076496318857477,0.013367153844540867
6891888,0.01342606762537965,0.0023611510649422084,0.0006040341311403004,0.0024638302563011576,4.1819241807843335e-05,0.1839822362669613,0.009732311350530726,0.7655516417869778,0.021836908275959063
6892297,0.4976553444148056,0.00824078192014874,5.422877517276674e-05,7.407309822207948e-05,8.388397706863485e-07,0.03344284333644337,0.0006006208454360157,0.4557137394869456,0.004217529283055214
6892562,0.2368303650449568,0.0004157687288240786,0.00036691430758126496,6.262519330578786e-05,1.5471021461417385e-05,0.12188552805994206,0.011259484397908606,0.6078811180375311,0.0212827252084888
6892587,0.21549135580057968,0.000758767439140025,0.0005417892196158448,0.00016715864086769028,2.082489945163143e-05,0.11724427478495542,0.009453984249212987,0.6357939909113637,0.020527854054813104
6894293,0.0014506508461683493,0.0031903039828740654,0.13336275694264754,0.19096799454374042,0.10390730447489516,0.23527464203357273,0.013868862494983513,0.24142052544495068,0.07655695923616758
6895609,0.004074728641283182,9.911392926439492e-05,0.0051565399608749715,0.00669051330490361,8.233672846978506e-05,0.1216150572106437,0.08630548151023693,0.6830536518691293,0.09292257684519421
6895723,0.009646294527365203,0.00018683201956026324,0.00011975139544403742,4.675799802365738e-06,1.206281364664334e-05,0.9755518009462352,0.0011018653097566986,0.011583598253699779,0.0017931189344898022
6895905,0.035208045044167226,4.8596811830769764e-05,0.00019114937314886838,5.798307072558302e-06,2.8637143194512688e-05,0.9446617261525008,0.001147563316095649,0.013077818510831988,0.005630665341157627
6895906,0.05388918504855391,0.00020311004324903814,0.00029030626073516257,1.4807988128992488e-05,4.273484872149669e-05,0.9030969731107663,0.002053859605941739,0.03286081907787949,0.0075482040160239966
6895927,0.013814794606116808,0.00039877950539085247,0.00039258013266199674,2.3672721249963267e-05,0.0002330048607978161,0.9774313209545586,0.0005131943481646761,0.0016151684855025342,0.005577484385556575
6895938,0.17591941397645086,7.49932243465765e-06,3.9766972650315756e-05,2.523863961740615e-07,8.314820002036926e-06,0.8085674268483889,9.446538914902364e-05,0.008589376480478868,0.006773483804048963
6895939,0.04714389009789583,6.746862563815691e-05,0.00017678756714748455,5.925223849564697e-06,3.940745719774854e-05,0.9333902573103499,0.0007328832663985523,0.01318837258050174,0.005255007871020991
6895948,0.02130850442065479,8.192233776484026e-05,0.00036862996135643346,1.5598989926137545e-05,6.376051543213431e-05,0.9562375325983676,0.001686197217747991,0.014594030935537782,0.005643823023212295
6895973,0.06212996134945953,0.00047160014766876266,0.0005091544595452963,5.143780715652863e-05,0.00013189160708652987,0.8987430716249695,0.002602595615628216,0.023137505635919587,0.012222781752566098
6895974,0.10134663512857225,3.037733851619811e-05,6.587098205418804e-05,8.857295670486441e-07,6.208936235248989e-06,0.8615181201211504,0.0005874548203390994,0.02989635288678852,0.006548094056777011
6896754,0.24629898476401754,2.942058717085391e-05,0.000349987920854139,4.769768259909373e-06,5.887683615670939e-06,0.5328042864469342,0.0033575076051703245,0.20571460874115538,0.01143454648282193
6897915,0.006987429634735846,0.002854339347951532,0.07830611424335832,0.2684184330065231,0.010823314151088882,0.21172831211700976,0.08852424478882333,0.05777338227236786,0.2745844304381413
6897964,0.0030965354024262435,0.022666093603550236,0.05880420628544949,0.07702551273986491,0.15774973235807802,0.3561124937794226,0.018777433827970345,0.236718518217199,0.06904947378603911
6899282,0.3307566523753745,0.00024961817472358153,6.358140655496496e-05,4.889628798543917e-06,2.5379757215905764e-06,0.15588867741043702,0.001795104703714035,0.49977483111255705,0.01146410721211875
6899294,0.2240879727511948,0.004169630531307439,0.00043169501239494277,0.0007201192689929644,9.439218928341719e-06,0.04228782066408678,0.003331375722067165,0.7119389840788211,0.013022962752206425
6899376,0.08833968703152716,2.1120525503546393e-05,0.00037934302453771667,9.46475950723776e-06,2.2300888084396754e-06,0.17955327109944114,0.011359855361587075,0.7140344559896686,0.006300572119419051
6899506,0.3766643414556199,0.00013121833266598602,0.00015627154694347335,7.000038971306297e-06,5.630915133140418e-06,0.4964998684693803,0.0026240726413717,0.11529655376133102,0.008615042838583171
6899530,0.000977997539162109,0.008308754697788372,0.0008790094700357048,0.028856766912888077,0.0003271450314214502,0.44988986101589856,0.0061033083584882755,0.4576216862286339,0.04703547074568359
6899560,0.11577084127439931,0.05053756106365673,0.00035714011878504683,0.0010417920888152873,1.8097227854141536e-05,0.11737583653632994,0.00420305437773947,0.6875854885214162,0.0231101887910039
6899670,0.0018957481883845398,6.936358392749968e-05,2.3112608428259843e-05,4.071084905000405e-06,8.851130647032259e-07,0.030609226879515124,0.00023323064122325767,0.965345151784812,0.0018192101157397992
6899695,0.0018024849299926359,0.00017747471919402218,0.00641632878178953,0.0014334878460609823,0.0007383050347020093,0.2603674961902676,0.00861476193442177,0.7076112820218263,0.012838378541744983
6899730,0.03678584153389016,0.00012145228362309935,0.00035791209544792674,2.2155194653681327e-05,1.4327333443942383e-05,0.059585239317268744,0.0007421445993959436,0.8941025477011346,0.008268379941142117
6899754,9.487693664199253e-05,0.005360973196987993,0.001915519637847301,0.17457785951956378,0.0026071332977457506,0.1328974439123795,0.01668634633555918,0.5914542531189789,0.07440559404429559
6901206,0.22460642469454165,4.1536647688515176e-05,0.0009034472529203489,8.953524614744958e-06,6.486964675832831e-06,0.2943655788871591,0.0030619972412891288,0.47173103031674435,0.005274544470366404
6902131,0.28563735507461696,8.142811099478119e-05,0.0017780677969892406,8.03691110785376e-05,0.00019131773457964276,0.6631165366118136,0.0004498044842829216,0.025865417451537726,0.022799703624106583
6902271,0.0008557452933752976,0.00047799763815036813,0.008791697627044018,0.014006642418358604,0.008988399003130261,0.7324311795155277,0.005000551213765326,0.20026834982740407,0.029179437463244272
6904326,0.02621884464800653,0.003235268251143305,0.0001892800376863921,0.000373883512381189,4.6640527532556625e-06,0.18301170669296396,0.0024355498053165673,0.7734158645987537,0.01111493840099516
6908023,0.004359130019882152,0.003932307942732624,0.04699033200598234,0.3033086809188722,0.04381366401507854,0.2907941673695029,0.029541812432676014,0.02490167248483323,0.25235823281044006
6908625,0.45683859306866503,0.0004651944850307353,0.0004020038031574276,2.7004851468197765e-05,4.2792386478967976e-05,0.4702129046911736,0.004211641097117384,0.053204587476719606,0.014595278140189008
6909657,0.10534964192019143,0.00045664024814819396,0.0002672272343128607,0.00013921955547338736,8.512574461563207e-06,0.11241121413656592,0.0064471863413682745,0.7600805053355668,0.014839852653911488
6909786,0.039248225028299416,0.011662503979568774,0.0011000473985093853,0.012272607435966603,5.736444693199187e-05,0.05802702613981807,0.008616138967270173,0.8429573371556173,0.026058749448018323
6909952,0.16965963777192605,0.00019789524520924515,7.628409589468003e-05,5.420056357829097e-06,1.2668082056562804e-06,0.16276128072525012,0.002870966241604062,0.6567417603566325,0.007685488698919871
6910003,0.09479266045268354,0.0004652985746130858,8.15147239380093e-05,6.067343878347021e-05,1.2975273347129912e-06,0.011200331708433583,0.0014169953640567519,0.885425554117296,0.006555674092860772
6910407,0.007154206411916979,0.00024303130858763765,0.005033824386442485,0.0003670710226920049,0.0008758161413754548,0.9713003323840177,0.002359763320977637,0.005266777723481817,0.007399177300508356
6910422,0.09870144076839867,0.0017344577924343944,0.00023757964049989994,0.00011745330042424535,4.136763676537871e-06,0.08359335489079243,0.0031879491236057496,0.801097725831738,0.01132590188843009
6910425,0.040043684577999325,0.10146561398695386,0.00027740702775010914,0.007887604784402445,1.1456604857328459e-05,0.1465741916407459,0.0035150302569216477,0.6943183175466063,0.005906693573763106
6910560,0.0017406263917935864,0.012404753783426621,0.0038881484171212136,0.4898727729395005,0.0018683022050472575,0.10141131243125215,0.038545216230904095,0.2537488871348114,0.09651998046614318
6910590,0.12822242072437,0.04513006955460179,0.00043507599557137295,0.0035053878274735923,1.4421291785839075e-05,0.10907892720690003,0.0035479982428903304,0.6994504234634783,0.01061527569292871
6912744,0.01230180762282786,7.765497421369355e-05,0.008879768505376282,0.0006993278352148135,0.0010965896535917658,0.9336476300141103,0.0003607099043166701,0.018435468140136926,0.024501043350211617
6919118,0.1772088437143816,2.4310391127155677e-05,0.0007102425550678962,3.0532939543813697e-06,4.778295118128653e-06,0.7303481054425707,0.001838372591376835,0.08644012910559043,0.003422164610813007
6920152,0.14356951857738273,2.9698953573344804e-05,0.0003768995967606941,3.0522086931402376e-06,3.837961957664965e-06,0.7983453897551218,0.0026856648708553994,0.05097101569367225,0.004014922381983032
6925791,0.06594318374090566,0.0027985501321113795,0.018778366289622556,0.02269514082436634,0.003621018828240739,0.7630756361439065,0.013462234949583318,0.046490132646513624,0.06313573644474986
6926246,0.008768305068037989,0.00041531647121875655,0.00025215432996601543,4.311888712508717e-06,3.9465801410296295e-05,0.9843053621362629,0.0006068461336384513,0.0022496017197100914,0.0033586364510429694
6928841,0.00014210467130601652,0.027474152765433746,0.0007674574190192388,0.020821339520440442,0.0018110882138733311,0.03213309811108855,0.01050678704316001,0.008876065223111736,0.8974679070325668
6928933,0.015597010316489822,0.0001151858901797385,0.0012008716500721743,1.4218335427662498e-05,0.0001267037706594062,0.975195707818649,0.001289178143330481,0.003710413613015872,0.0027507104621757907
6937241,0.004555339617327072,0.004680527213601532,0.00044501996707560444,0.0045510348843730685,2.529285489042856e-05,0.09338970741044628,0.007338992451798993,0.8418518395838996,0.043162246016587524
6938426,0.020400957018523354,2.622291639866036e-05,0.0009312651154029123,7.300754150835257e-06,3.112505293230032e-05,0.9749247732075039,0.00023929445124042586,0.001414796887987264,0.002024264595860128
6938530,0.022429546737382074,8.531622548713398e-05,0.0005265680607359552,1.052533279921739e-05,4.244305112047529e-05,0.971021264537715,0.00011013591972386897,0.002073194469146156,0.003701005665890091
6938682,0.6024000355836443,2.728614795880191e-05,0.00014304854107385096,1.9620988504054087e-06,1.5458728349364976e-06,0.28146746822206464,0.0015210073625084681,0.10837731369220283,0.006060332478861794
6939166,0.05804246606500411,4.774882045343934e-05,0.001443957930003138,2.0630043172415354e-05,6.614210156708046e-05,0.9338605830101346,0.0002691395817126165,0.003772740589054103,0.002476591858898503
6939222,0.7253097219035186,0.00037344426561095533,0.00012450523985249012,4.082421713316757e-06,3.707179882036683e-06,0.25110446702347694,0.00019600349179745507,0.020092645204217087,0.002791423269931025
6944591,0.23820824647821706,0.0033134196900124597,0.00011437763987585985,6.630162443158662e-06,1.3076570341750237e-06,0.7469400493835201,0.0005432165056785436,0.009755180238008589,0.0011175722452101571
6947293,0.004927216830657339,0.00018805349442409117,0.00571039137751288,0.00040426685220305196,0.0002827597655124197,0.9650561501691023,0.006785984667694112,0.0110688633163374,0.005576313526556472
6952804,0.012191022460734413,4.7396162367611616e-05,0.000643817958766859,0.00011401021536903261,0.00013224532703443888,0.9371794856831661,0.005117039253493961,0.02690606792875309,0.017668915010314472
6975207,0.0049480331292185405,6.444020318701439e-05,0.0007190885854138697,1.943983124084334e-05,4.415014162070468e-05,0.9792791386664347,0.000595697543367777,0.011796802205083666,0.0025332096944328903
6975472,0.0060088710773321,6.395619365789472e-05,0.0011779995165672173,5.0786122945206985e-05,8.91295036868952e-05,0.9832156433776008,0.001332696370601866,0.004844817987795432,0.0032160998498125875
6975490,0.01138636865074552,6.204991953810521e-05,0.0004615740940684865,2.7277711413464105e-05,8.929370798185078e-05,0.9715327004517309,0.0006186615973602062,0.01066071957669652,0.005161354290464882
6976427,0.009412113312170445,8.285676153058571e-06,9.719687908702275e-05,1.196181739189851e-05,4.6880572797383064e-05,0.9499821462098412,3.893594595287919e-05,0.039141968696425194,0.0012605108901810424
10551287,0.006173983719608464,0.00094358448579905,0.004706957154847994,0.001374527233888229,0.006800004640248584,0.9442360795305165,0.006883777724759347,0.023666595741750313,0.0052144897685813055
10554874,0.002265395414085262,0.0059428465367721145,0.0008660452575445556,1.9908878548446435e-05,0.0024987230379594893,0.9849324569574989,0.0008148530614948896,0.0010801839537136967,0.0015795869023825298
10555071,0.026238080796948515,0.00020071756936939386,0.005288268799566035,0.000512755564428088,0.00018437508777266893,0.4646857690190005,0.05750322958714747,0.43532763338055425,0.010059170195213109
10555459,0.0077962896040517215,0.0003726713539228039,0.015448811537236203,0.0014375865413797893,0.0021379245205273684,0.8903930798785078,0.0055123014816154114,0.04994438374615545,0.026956951336603543
10555968,6.923378244948822e-05,0.0013087396340252632,0.014808085931954844,0.05249866471693711,0.07589578312578413,0.035645526019571334,0.0031763710706474027,0.8135294617664628,0.003068133952167612
10556692,0.018282341223925715,0.007571359700776693,0.019016916481881974,0.19170582927544116,0.003438118180737304,0.06559014302541308,0.08006576422671113,0.5450775426050468,0.0692519852800661
10557065,0.0484427918194211,0.00020114350322051152,0.014145379593261845,0.0011073130390790507,0.007401292333465059,0.7946716062933774,0.001548858367969997,0.07386772987837607,0.05861388517182892
10557235,0.004921866680982325,0.000738585512215194,0.1924089300485597,0.017893827084803252,0.03359709866727695,0.5511413787879933,0.006463822752983442,0.0914949045178078,0.10133958594737807
10557310,0.0002413794854210999,0.000264377317676893,0.0398263917442336,0.00500100865353589,0.07931578887226093,0.3893546308840543,0.0036554148236765255,0.480511409034331,0.0018295991848098435
10557603,0.02051974969011538,0.00029161376487214834,0.015787811206844696,0.0026739880894575863,0.0011667034618306161,0.5421726100447676,0.03797998609652291,0.36352653726773976,0.01588100037784937
10557649,0.011639852721885668,0.0002699674845338095,0.009208664388795045,0.0010286271085214078,0.004773598054280358,0.8627166532978169,0.0025716868301751223,0.06106306337959043,0.04672788673440132
10559369,0.002933083908815755,0.0004930590498444778,0.006601415515110204,0.00022660466465323215,0.0025369569486689047,0.967294192724178,0.0032858758919729683,0.014497141863438489,0.002131669433317879
10559516,0.03367926868639539,0.0002730225291985827,0.014562092470767937,0.0007125833851631888,0.018869335375560046,0.8918137985322905,0.0014212170451582842,0.012273301247411527,0.026395380728054633
10559765,0.016378887385682404,0.00018785696553329386,0.009109162382609379,0.0005309202059283444,0.0025511561779923355,0.9246746063794018,0.0019316948303175424,0.035614354810121096,0.009021360862413999
10559904,0.009458911690616101,0.00022261410013529404,0.02046477914483856,0.0008171349281993385,0.005072703568982187,0.7974872077033006,0.010674072299777855,0.15012509545497976,0.005677481109170319
10561136,0.0018998644480310767,0.0010374284877662306,0.05175336892139136,0.0035369961775117043,0.02501788483555544,0.7385587571023361,0.007884868518336478,0.16546856484565337,0.004842266663418188
10561583,0.04397788367748076,0.08254395130534417,0.007700827705529536,0.030740109659418226,0.006647263104220837,0.7154328434273847,0.03770554000338919,0.03223796768455914,0.04301361343267355
10561870,0.05133087261316527,0.0012678486340083918,0.004388703822813257,0.0007227953690947435,0.002860074090532316,0.8959106308557969,0.0038058609107657817,0.017945749770145354,0.02176746393367809
10562711,0.0003738787945881453,0.0002618267662558138,0.030817675124835412,0.0391559956561536,0.05228332678449722,0.4525966151159012,0.005231959245423226,0.4077891301116966,0.011489592400648736
10566953,0.1146624231278871,0.00012381530967110472,0.001538757141296985,3.5292331415225247e-05,0.00014408510889704114,0.8482569571946249,0.0013405841616397306,0.025215322035521594,0.008682763589046264
10567563,0.007393763468362733,0.0011203545864947831,0.01252472877925509,0.003703606294364311,0.00499632704290802,0.6723504021248703,0.010116387851551247,0.284347237321375,0.003447192530818644
10568512,0.2205886719716761,0.0005587214271101861,0.002138517499939702,0.00010951545727529235,0.00012425325785968706,0.5648907318641616,0.022148034856512587,0.17448606385541235,0.014955489810052534
10569249,0.07783310211843578,0.0013416324457814744,0.0056676280743080025,0.0011918382334000048,0.0013281345247585443,0.8033447220250429,0.008968221976343048,0.07092414728199439,0.029400573319935775
10569900,0.0010416399965300102,0.001855687519932406,0.459230118038211,0.02581290989281594,0.2358348880332078,0.09934494700281812,0.004624853028198785,0.16393153712521857,0.008323419363067368
10569996,0.15562729253067165,0.0005412740639761284,0.003212057093670173,0.00022365204652459984,0.0002791957561475278,0.6578401587865217,0.019934579955592474,0.14138924684542295,0.020952542921472726
10570047,0.07656706172115449,0.0003364304995228756,0.005250990791763461,0.0012918130013221771,0.00534348268053882,0.8027252662041363,0.0025366940444943764,0.045709789214956345,0.060238471842111195
10570186,0.008609243538554781,0.0004380993713738718,0.0042462464350287695,0.0004996163192470247,0.002766631476614133,0.932030902487263,0.005328928925240295,0.040142349746882064,0.005937981699796168
10570190,0.08977969493457279,0.0001138943406857753,0.0022657929022200022,0.00011799669445450872,0.0006549711723397935,0.8649745180101531,0.001405327202207548,0.028247029195345608,0.01244077554802073
10570281,0.10683812484362736,0.0004394214021475099,0.002618559589065958,0.0003404602107544395,0.0005550135213469407,0.7759797417899292,0.01607395654189188,0.07703909308573537,0.02011562901550119
10570444,0.0009203146202244267,0.011316743563082562,0.0001861221616275101,0.00017115984282263142,7.830732694227784e-05,0.9580996820382619,0.0017383694093257916,0.018218012603406053,0.009271288434306814
10570516,0.006409462643164298,0.00017917101081579173,0.0046068714044618635,0.00031992229690111875,0.001467635662533002,0.8483350497466734,0.004814444474144287,0.12898851833953678,0.00487892442176941
10570563,0.14800429710651822,0.00963700081830851,0.001150003431129649,0.0007570558167588591,0.00023520041240921138,0.5864020449377347,0.010356055534718803,0.21190666462315197,0.03155167731927007
10570908,0.3036272081581045,0.002735896066751805,0.002115586158789212,0.000475281359497852,0.000691232514991074,0.5922317200997034,0.0039715792866479764,0.05604039316213058,0.0381111031933837
10570962,0.02595484694366236,0.0027700515893056272,0.004622794404809134,0.0006695200832045765,0.00179851594779098,0.7392927574864527,0.003655479356018595,0.037806332865156105,0.18342970132359993
10571126,0.027482687950778344,0.056391469382565965,0.0034720459960573755,0.03920703042762931,0.000706514748377956,0.2725744351128251,0.04386311513251836,0.5169924349889311,0.039310266260316466
10571129,0.0007176839293428199,0.015735162526079274,0.003230456142384187,0.04547659852932641,0.004409283119144551,0.6075942262025592,0.01138732009440441,0.2678896272570546,0.043559642199704506
10571130,0.0003575220004582572,0.0017978614025552192,0.0054133461863181825,0.06984526200025172,0.005817900835499151,0.45881339930951115,0.013529506363842661,0.3951941293545015,0.04923107254706222
10571150,0.004067694538045523,0.0007615768219833957,0.00476054666501365,0.0019636517771987987,0.002993402580327597,0.802980792872625,0.005261772095292045,0.1673661274650152,0.009844435184498717
10571157,0.11964999899831814,0.0015852462116374573,0.0003233092766425089,7.89807764816218e-05,1.7647599158945537e-05,0.5763465748041758,0.009969682334587506,0.2807244129962888,0.011304147002709165
10571249,0.425446624516472,0.0016821689325633555,0.0007512988122682967,0.00010215583989663064,0.00011409799549211561,0.4136812953852132,0.001580960977867327,0.13807022153854365,0.018571176001683443
10571563,0.006284217582616731,0.0009043469963579017,0.18127888852698631,0.006550914811174496,0.01832695555039869,0.4221577207623549,0.008253110136597248,0.34515729309080034,0.011086552542713391
10571600,0.017261002045871585,0.0012138001166287287,0.004726014656114441,0.0008159231775474096,0.005254225874690086,0.910795112605928,0.004449174461806956,0.04593581462275166,0.009548932438661069
10573894,0.007338304663604611,0.014131691454470845,0.009261326074210407,0.09620455243858592,0.03602173298592687,0.7144949543137971,0.02249065643541137,0.03475048413672846,0.06530629749726441
10574347,0.005811803639065763,0.006107491828247244,0.0021696465036250383,0.005049255284090222,0.0008497460427894733,0.885398790061187,0.015099032732853127,0.04442526483780912,0.03508896907033289
10574370,0.025496192075254876,0.018847214563501018,0.0021731442334447975,0.0054942599163097065,0.0007391407956619464,0.7737748333929027,0.018221037237001678,0.11695132136796584,0.03830285641795754
10574372,0.09484286630440938,0.0010438474476586995,0.0002405178074543833,2.9351706061114547e-05,1.4713302092954753e-05,0.658099783219744,0.010464563497752152,0.21833665438057592,0.0169277023342514
10574408,0.00012990188125737288,0.0013256554011426937,0.002851772726817298,0.021237534396510126,0.03740584622816897,0.7547588613073053,0.0015352472198057834,0.1715785110938179,0.009176669745174604
10574430,0.019984275833946224,0.0005845206443366247,0.0009251019292293244,0.0003809251337941018,0.00018298574389284596,0.9054253002806483,0.005655140081622837,0.05266452091329289,0.014197229439236934
10574439,0.01330718467257441,0.11391103943638908,0.003897382274785517,0.02907601368308535,0.0029237345961862253,0.7160105196431313,0.02104220883832198,0.05165055523995228,0.04818136161557372
10574456,0.0008559956106929247,0.0009860096163409804,0.0012850269459117063,0.001418596931375433,0.000833043293371567,0.7378754207132349,0.005015023047302256,0.24013085910993331,0.011600024731836928
10576038,0.0028169864343459967,0.0030896459655125556,0.0003807192475009274,4.375629610352419e-05,0.00023193173431929433,0.9675317948356003,0.0035229618588062997,0.005715749114288469,0.0166664545135226
10576770,0.002409416304092782,0.0012105417451162427,0.004089909078744647,0.030438693361496977,0.003295720356141739,0.8641391705092613,0.007332024667921037,0.052409748561934345,0.034674775415290904
10577118,0.012685092876510335,0.00016502547801808455,0.004093499622760719,0.0010572674560814053,0.00185544234226378,0.9399221548251697,0.0010840170410723181,0.026469381018000514,0.012668119340123013
10577354,0.08939368074333998,0.0011709385710159212,0.0002681782394521358,2.257322991198653e-05,3.961484482393e-05,0.8669229206059306,0.00351960604964994,0.027444886504064625,0.01121760121181098
10577622,0.05966253188008232,0.0006930135903336229,0.008255285218130206,0.0020422071945209166,0.001673016297682514,0.8264572664448819,0.007616359295153013,0.07508962280779294,0.018510697271422634
10577723,0.03448427017316452,0.0002875436223614632,0.001360822285223397,9.830528022520735e-05,0.00018369246513650424,0.911164918491282,0.007980978222753819,0.025298500074429034,0.019140969385424048
10578130,0.0021168754209948417,0.009721822324887467,0.0017279244655227246,0.0007255467564852374,0.0015978530773391258,0.9412828940659381,0.005837152670304905,0.027092518725503528,0.00989741249302408
10578295,0.20229113153875425,0.0007851314702384056,0.006596900858007772,0.00039113410595880533,0.00040557212532169506,0.6654293923966927,0.006750453157069394,0.10150860813066687,0.015841676217290167
10579132,0.31609115516165026,0.0006798616944593088,0.0030607377426953627,0.00018743603384799447,0.0001610601458604385,0.5281825512229854,0.0042127509989426685,0.13143592410011307,0.015988522899445568
10579372,0.09015485515392688,0.00010230262093459707,0.0008243336119804973,2.0699333843667483e-05,7.604499488569384e-05,0.8856466659989353,0.0012599648351532718,0.01556418269046869,0.006350950759871494
10579452,0.008726619767694356,0.0008856795448720755,0.012518123255121616,0.010747719565038753,0.010022667848859895,0.8297192603558403,0.00727603218272788,0.07367791753774385,0.04642597994210136
10579754,0.013011619435789695,0.00027348518715305647,0.005967267758752257,0.00218653101555697,0.006734996550685671,0.7992125197444816,0.0030373582707024648,0.09850646098623994,0.07106976105063838
10580098,0.037169011182014614,0.0021259187365145872,0.0060591504933791614,0.004815848206772699,0.004734471075420199,0.8933950404061072,0.0042419073920343334,0.01665321913170214,0.03080543337605504
10580150,0.029192862695628145,0.0008458891506179999,0.003027545216084686,0.0011629887524894672,0.002477666428257512,0.866844022526021,0.002355227075205035,0.04375373544749811,0.050340062708198234
10580642,0.008517744419804248,0.004235165830866052,0.002573120834093965,0.002866667956920107,0.0019007547954831318,0.8673037143652735,0.00815239980070239,0.06868991711974512,0.03576051487711143
10580740,0.0881222865751849,0.009500296383212599,0.0006456854832875793,0.0003268709712326931,0.00010576665843645255,0.8106290879136167,0.010725026207027916,0.05261308052385205,0.027331899284149065
10580745,0.1392695757366329,0.0012672008355095745,0.0021066477328069576,0.00043625386759878134,0.00022082937021851716,0.6641271226834032,0.013578710825875263,0.14448223004972796,0.03451142889822676
10580771,0.004859019632657534,0.02271673047456408,0.002281960080923262,0.011411714836370816,0.0011856592150137446,0.8752038282589554,0.012561767516503185,0.03780419671179411,0.03197512327321783
10580995,0.12014889904108411,0.0007136196139721516,0.003692338311788423,0.0008384340661220003,0.00033930094045945386,0.6061376201690999,0.01491300115071096,0.23944139454768165,0.013775392159081402
10581310,0.14529915643805574,0.0012032985258615431,0.004731409136504934,0.0005769315639088734,0.0006169573852136482,0.7587510484774911,0.0063686872593011305,0.06378748702449989,0.01866502418916313
10581368,0.00014839399268572353,0.003093869385212516,0.14789836592906608,0.2107025046686706,0.012933243226785431,0.13319851221546025,0.018128589894345962,0.4642950837381944,0.009601436949579044
10582173,0.0034373385097726055,0.004949828659977923,0.005392076094244393,0.0018290244785044809,0.0019645789833218135,0.9293516157359771,0.005534379327950862,0.0349286866763747,0.012612471533876079
10582418,0.0009303662942974244,0.012141896602527347,0.0013735865250404954,0.00010981215047695578,0.00043212363208990664,0.9703662642847048,0.0017720381343897399,0.010601537008251746,0.0022723753682215605
10583009,0.1865685219326666,0.0015719232958230443,0.005458376163474025,0.001459853136570365,0.0015637621849720557,0.7559310510246358,0.004944450869069933,0.017563345225802766,0.024938716166985564
10583434,0.013976327093436134,0.0032786385529088996,0.03061648678998053,0.11113906763248887,0.007406087607816315,0.5216646304936433,0.02912295774374092,0.22890906756882307,0.053886736517161964
10583521,0.4642411121771596,0.0004908853940034505,0.0015637804479883795,0.00012657552254646413,0.00017460236106466422,0.4842588500013016,0.0019901705300601697,0.03218726333339984,0.014966760232475918
10584210,0.40867638356987845,8.968186842064012e-05,0.00028241256068117174,9.375442385414658e-06,1.1076491494436564e-05,0.5081751968003384,0.001689452425852681,0.07759074517805217,0.0034756756628965876
10584222,0.1669495265091249,0.003368971203546473,0.0009717791820240769,0.00017509351043754333,0.0002129370452307816,0.7569222459979601,0.007141136776414323,0.027691209619399144,0.03656710015586263
10584314,0.10948091737351394,0.00020434867505147512,0.0006319844692071934,6.967812255163038e-05,1.0184123248789283e-05,0.07661494174085952,0.005682582306687932,0.8004194515648938,0.006885911623985755
10584430,0.24539553943871165,0.014714415959510405,0.0022490729072245823,0.0015668581783840818,0.0001800165252396265,0.58481038028502,0.008830094238228732,0.08715997519888818,0.05509364726879284
10584519,0.04965532678456651,0.001737581171834586,0.011935548333436087,0.0039039106147929813,0.0023922263349971614,0.8076594923585976,0.004243731066033114,0.09591137089800433,0.022560812437737686
10584820,0.008241112463240077,0.0005915962364405341,0.02643973966571593,0.001360913735243802,0.014884154751604373,0.9069973270792273,0.002497398166599347,0.03432227316425218,0.004665484737676301
10585136,0.0076923820553842625,0.0012480534448638847,0.020674056185799143,0.01197846173417662,0.005322297103394132,0.8882642066042417,0.003687548343679257,0.03526328843819194,0.0258697060902691
10586849,0.01179891500598885,0.004198234591415954,0.007343773900361509,0.011392028529076326,0.005330815449537456,0.9093381618541574,0.007788492968375695,0.022078835601154378,0.020730742099932448
10587734,0.09419526682223497,0.016796719580844853,0.0010870135493081165,0.0004394497509899471,0.0004001228211835777,0.8489713155411884,0.0015442725447767777,0.015007853578336377,0.02155798581113693
10587840,0.009772133315782305,0.008095156367513262,0.0013155421856854484,0.0024066408687895445,0.0015732134371840806,0.9259552243749043,0.00683441717618881,0.006658057695223842,0.03738961457872843
10588529,0.9048383243081957,0.004975025344763297,2.0900754653965213e-05,1.5610390541876407e-05,3.6898999843297515e-07,0.040882286072975095,0.00014616065162263126,0.04712682358721648,0.0019944999000326173
10588664,0.31992387009851825,0.03454284563331632,0.0007104199073072078,0.002165830134867031,3.844927775512044e-05,0.359173229456764,0.005413526005257565,0.2503433640969163,0.02768846538929814
10588792,0.5865729968932456,0.009351434150554144,0.00029959571032335997,0.0004520853939468047,1.0756519309995695e-05,0.09171473652185044,0.00132079178987082,0.29819308263726924,0.012084520383629683
10589349,0.1565168948867557,0.00016681137094308614,0.0003178789438204459,2.9635632883666186e-05,1.2649578898327275e-05,0.37406310478364674,0.007481823204390177,0.44660844391074395,0.014802757687917905
10589410,0.0005912443575556062,0.006893987422100331,0.0001918713588036573,0.0007415645800368496,5.865157832496568e-05,0.9557316666803665,0.002705929429883227,0.02174641423269112,0.011338670360237729
10589411,0.006953381846365616,0.002873934677333754,0.0003834895471511718,0.00028412229297734387,4.0940655577393333e-05,0.5061001731946215,0.0018307081372325208,0.47436698589108384,0.007166263757656919
10589472,0.004443590124402174,0.002260079810940785,0.00012343669231675182,8.700433216770543e-05,6.0320351847866435e-06,0.38688115705541143,0.00163580181970712,0.6005482718999328,0.004014626229936522
10589485,0.0010571222507272397,0.003569735343559732,0.00044606602426749666,0.0029159286703863835,8.310763999930514e-05,0.3522876256599656,0.0030634993927673325,0.6276589828584401,0.008917932159886822
10589763,0.0038641373110948093,0.0001872739174448807,0.014205511587475949,0.0026565629400387356,0.0013220178572847623,0.943682546251086,0.0008368628711158113,0.020085616212961087,0.013159471051497946
10590733,0.00137724052179437,0.01751113305338511,0.013417345181349011,0.35878417766463166,0.024616370893643373,0.33122725854674184,0.017388744931714342,0.10907583898309506,0.1266018902236453
10592587,0.001212786742239908,0.08591163089858188,0.0035050397258511497,0.00815598980093267,0.028343916971223963,0.8221129338898863,0.005747948540771211,0.01944157712109403,0.02556817630941902
10592944,0.004234598635040313,0.000597830101621944,0.023508377645069613,0.038493774257922,0.006945849619780273,0.8196469258581394,0.025097022484808603,0.05103650518085046,0.030439116216767446
